9 0.47345883534136546 0.48156219864995176 0.6206074297188755 0.2157666345226615
9 0.8072941767068273 0.8733172613307618 0.19390060240963855 0.1410318225650916
8 0.8396084337349398 0.3116007714561234 0.13052208835341367 0.20371263259402123
3 0.09256024096385541 0.25856316297010606 0.08722389558232932 0.12174541947926712
5 0.08157630522088354 0.8492092574734812 0.08785140562248996 0.13138862102217935
6 0.17256526104417672 0.859450337512054 0.12550200803212852 0.11812921890067503
6 0.5020080321285141 0.8558341369334619 0.22590361445783133 0.11571841851494696
2 0.3834086345381526 0.8317261330761813 0.05145582329317269 0.15911282545805208
4 0.47345883534136546 0.7328833172613307 0.8640813253012049 0.05303760848601736
1 0.8527861445783133 0.623191899710704 0.09914658634538152 0.1711668273866924
10 0.5037650602409639 0.10607521697203472 0.9924698795180723 0.20250723240115717