10 0.3640059127864006 0.11157857646229741 0.7255469327420546 0.22316420014094435
9 0.43329637841832963 0.4610077519379845 0.3319770879526977 0.32534883720930236
9 0.6122209903917222 0.6559760394644116 0.19709164818920918 0.12332628611698379
3 0.1139430894308943 0.2989217758985201 0.09238728750923873 0.11862579281183933
5 0.12256836659275684 0.8585835095137421 0.08992239467849224 0.12919661733615223
6 0.2830118255728012 0.8286328400281888 0.14474131559497413 0.11157857646229741
6 0.594050258684405 0.8110147991543339 0.23466371027346636 0.11862579281183933
2 0.445 0.8262861169837914 0.04988913525498891 0.14916842847075404
1 0.12995934959349595 0.6624383368569415 0.09977827050997783 0.16913319238900634
8 0.13888765705838876 0.4680549682875264 0.13488543976348855 0.20319238900634248
0 0.8490391722099039 0.5026990838618746 0.1977087952697709 0.6154545454545455
6 0.9226422764227643 0.49682875264270615 0.0418810051736881 0.18088090204369275
4 0.059127864005912786 0.7434813248766737 0.7255480413895048 0.7035468639887245 0.7249323725055432 0.749353770260747 0.056664079822616405 0.7822410147991543