10 0.38034797297297296 0.1261502659574468 0.6694831081081082 0.19688829787234044
5 0.11261148648648649 0.8506449468085105 0.08333445945945946 0.12992021276595744
6 0.2927939189189189 0.8606183510638297 0.18693581081081082 0.12327127659574469
6 0.590652027027027 0.8639428191489361 0.24887499999999999 0.11662234042553192
2 0.43665540540540543 0.8384507978723404 0.052364864864864864 0.15873670212765958
9 0.6089527027027027 0.6878058510638299 0.1920033783783784 0.11894946808510638
9 0.43243243243243246 0.47064494680851066 0.36486486486486486 0.3140757978723404
8 0.13288175675675676 0.4606981382978723 0.123875 0.2010904255319149
8 0.6680743243243243 0.32388962765957446 0.08952702702702703 0.17349069148936172
1 0.11993243243243243 0.6456981382978724 0.125 0.17216090425531916
0 0.8533209459459459 0.5254255319148936 0.18975337837837836 0.6341888297872341
6 0.9239864864864865 0.5293749999999999 0.03941554054054054 0.20547207446808508
4 0.3916114864864865 0.7481914893617021 0.6514628378378378 0.038045212765957445
3 0.12274662162162162 0.2978656914893617 0.09009121621621623 0.11479388297872341