1 0.3509608277900961 0.10236786469344608 0.6932261640798226 0.20266384778012683
0 0.12287139689578715 0.8585905567300915 0.07790835181079084 0.10949260042283299
0 0.11249815225424982 0.2988019732205779 0.07889504804138951 0.10582100070472163
1 0.43298595713229865 0.46771670190274844 0.31904656319290464 0.305877378435518
1 0.6107945306725794 0.6532276250880902 0.18019955654101996 0.10821000704721635
1 0.2838728750923873 0.8247991543340382 0.13505173688100516 0.09801268498942918
1 0.9209977827050997 0.49884425651867514 0.03409090909090909 0.16539112050739957
1 0.589150036954915 0.8083298097251586 0.21859571322985957 0.10318534178999295
0 0.8338470066518846 0.5032276250880903 0.14702143385070213 0.599400986610289
0 0.44502586844050257 0.8265821000704722 0.04211751662971175 0.13536293164200142
0 0.1288580931263858 0.664876673713883 0.09133407243163341 0.1575616631430585
0 0.1366740576496674 0.4679985905567301 0.12023281596452329 0.18806906272022553