1 0.37926689189189194 0.1254787234042553 0.6491858108108108 0.16580452127659576
0 0.11042905405405405 0.8506449468085105 0.07836824324324325 0.10918882978723404
1 0.2909864864864865 0.8592885638297871 0.17248648648648648 0.09631648936170213
1 0.5893716216216216 0.859501329787234 0.2324695945945946 0.09707446808510638
0 0.43718243243243243 0.8372672872340425 0.04167905405405405 0.14037234042553193
1 0.6089527027027027 0.6878058510638299 0.1920033783783784 0.11894946808510638
1 0.43596283783783785 0.470093085106383 0.33549662162162164 0.27493351063829785
0 0.13280743243243243 0.4615890957446809 0.10566216216216216 0.1856848404255319
0 0.6677027027027027 0.32132978723404254 0.06721959459459459 0.15300531914893617
0 0.1209864864864865 0.6482180851063829 0.09128716216216215 0.15823803191489363
0 0.8351824324324324 0.527127659574468 0.13663513513513514 0.6078390957446809
1 0.9221790540540541 0.5239960106382979 0.03116554054054054 0.1695345744680851
0 0.12071621621621621 0.2978656914893617 0.07850337837837838 0.10353723404255319