10 0.37088113337940565 0.16023286759813707 0.6611368348306842 0.18518296739853626
9 0.43941603317208017 0.48181636726546906 0.34899792674498964 0.302727877578177
6 0.5905908776779544 0.8727012641383899 0.2251796821008984 0.11754491017964071
6 0.2577159640635798 0.8699268130405855 0.17680373185901865 0.12087159015302727
2 0.44143054595715275 0.8538456420492349 0.058165169315825854 0.15524284763805724
5 0.11863510711817553 0.8649367930805056 0.08984105044920525 0.12419827012641384
3 0.12640981340704907 0.3093812375249501 0.08926399447131997 0.12197604790419163
8 0.138217000691085 0.47349966733200266 0.1243953006219765 0.19738522954091817
1 0.1255459571527298 0.6548037258815702 0.10366275051831375 0.17852960745176313
7 0.6726572218382861 0.3432002661343979 0.08062543192812717 0.1763140385894877
0 0.8520490670352453 0.5444644045242848 0.19062543192812714 0.640938123752495
6 0.9260539046302695 0.5433599467731204 0.0414651002073255 0.1818562874251497
9 0.6153524533517623 0.7030405854956754 0.1848652384243262 0.11089155023286759
4 0.39305459571527296 0.7612574850299402 0.629464409122322 0.041031270791749834