1 0.44859121621621617 0.12390292553191488 0.5168344594594594 0.17053856382978724
0 0.12049324324324324 0.2962898936170213 0.08115878378378379 0.10826462765957448
0 0.10038851351351351 0.8500664893617021 0.06365202702702702 0.11483377659574469
0 0.4374222972972973 0.836216755319149 0.046746621621621624 0.1437566489361702
1 0.29142905405405406 0.8601396276595745 0.17523648648648651 0.09902925531914894
1 0.6078749999999999 0.6910172872340425 0.1813141891891892 0.10003989361702129
1 0.4344290540540541 0.4682978723404256 0.338222972972973 0.2726662234042553
0 0.12100675675675676 0.6480053191489362 0.09536824324324325 0.16310505319148935
0 0.1318243243243243 0.45640292553191486 0.11838851351351351 0.20080452127659573
0 0.8356182432432432 0.5269281914893617 0.15973310810810812 0.6183577127659574
1 0.9237466216216216 0.5223071808510638 0.04462162162162162 0.17367686170212765
0 0.6683547297297298 0.3204654255319149 0.06978716216216216 0.15531914893617021