1 0.3797195945945946 0.12305186170212766 0.6543986486486486 0.1701130319148936
0 0.12041554054054054 0.2957446808510638 0.0824695945945946 0.1088031914893617
0 0.09944256756756757 0.8493550531914894 0.06322972972972973 0.11404920212765958
0 0.4367027027027027 0.8384574468085106 0.0484222972972973 0.14543882978723405
1 0.2909898648648649 0.8587433510638297 0.1784087837837838 0.10339095744680851
1 0.9242702702702703 0.5221010638297873 0.044483108108108106 0.17128324468085107
0 0.8370101351351352 0.5281050531914894 0.15435472972972972 0.6205186170212766
1 0.4350168918918919 0.4690292553191489 0.34231756756756754 0.2751462765957447
1 0.6078513513513514 0.6882845744680851 0.18460810810810813 0.09898271276595745
0 0.12166216216216216 0.6481183510638298 0.09704729729729729 0.16345079787234043
0 0.13266216216216217 0.4549534574468085 0.11939864864864866 0.2016090425531915
0 0.6678817567567568 0.3203125 0.07266554054054054 0.15648271276595743