10 0.38232094594594596 0.12559840425531915 0.6632871621621621 0.1758377659574468
6 0.2922297297297297 0.862280585106383 0.17905405405405406 0.1199468085106383
6 0.9211722972972973 0.5227327127659575 0.03828716216216216 0.17888962765957447
0 0.8530405405405406 0.5237632978723404 0.1858108108108108 0.6330784574468085
9 0.4375 0.46954122340425536 0.34797297297297297 0.29856382978723406
9 0.609233108108108 0.6878058510638299 0.1981993243243243 0.11009308510638299
4 0.3879493243243243 0.7470811170212766 0.6475236486486486 0.035831117021276594
1 0.12162162162162163 0.6479122340425533 0.10135135135135136 0.16329787234042553
8 0.13232094594594596 0.4573736702127659 0.11598986486486486 0.19444148936170214
5 0.1095168918918919 0.8473204787234042 0.0940304054054054 0.1232779255319149
3 0.12162162162162163 0.2984175531914894 0.08783783783783784 0.12254654255319149
7 0.6697635135135135 0.32388962765957446 0.07939189189189189 0.17349069148936172
2 0.4380641891891892 0.839561170212766 0.05180067567567568 0.1476529255319149