9 0.4193166840097121 0.4366587864460205 0.33452653485952133 0.3357131599684791
9 0.6501699618453001 0.6673364854215919 0.07476933749566424 0.07734436564223798
0 0.8351647589316684 0.5083845547675335 0.18113770378078392 0.6052482269503545
6 0.907811307665626 0.509338061465721 0.03738466874783212 0.17635933806146573
2 0.42105098855359 0.7999290780141844 0.04894554283732224 0.14815602836879432
5 0.09230315643426987 0.810441292356186 0.08979882067291016 0.11663514578408195
3 0.11619840443981963 0.2625137903861308 0.08671522719389525 0.11351457840819544
1 0.10752688172043011 0.6143735224586289 0.1040582726326743 0.16578408195429473
4 0.3726812348248353 0.715925925925926 0.6389941033645509 0.053680063041765175
8 0.13122788761706555 0.4200551615445232 0.1306520985084981 0.18692671394799054
10 0.3597710718002081 0.10408195429472027 0.6894831772459243 0.1538849487785658