9 0.48221825599184087 0.4828502879078695 0.6176695563488016 0.19313819577735125
9 0.8117695053544111 0.8739251439539347 0.19186639469658337 0.1331573896353167
1 0.8595767465578786 0.6321976967370442 0.09752677205507394 0.17034548944337813
3 0.09784803671596125 0.26092130518234163 0.08860275369709332 0.1187619961612284
8 0.8481030086690464 0.3209021113243762 0.12557368689444162 0.2003358925143954
6 0.18485466598674147 0.8523320537428023 0.14533401325854156 0.11156429942418426
6 0.5073941866394697 0.8529270633397313 0.22437531871494135 0.11756238003838772
2 0.3897909229984702 0.8265355086372361 0.05545639979602244 0.15115163147792707
5 0.08732789393166751 0.8397312859884837 0.08796532381438042 0.12476007677543186
4 0.47583885772565016 0.7323704414587332 0.8700917899031106 0.065978886756238
10 0.5025497195308516 0.10556621880998081 0.9949005609382968 0.20633397312859886