1 0.3789425675675676 0.1233377659574468 0.6547804054054054 0.1745345744680851
1 0.29144932432432435 0.860438829787234 0.17903040540540538 0.10464760638297871
1 0.9242804054054053 0.5213896276595744 0.04391891891891892 0.17732047872340426
0 0.8363783783783784 0.5282114361702127 0.15809121621621622 0.6222739361702128
1 0.4352094594594595 0.4690957446808511 0.34135810810810807 0.27565159574468084
1 0.6085 0.6918949468085106 0.18224662162162164 0.0997872340425532
0 0.6685641891891893 0.3203191489361702 0.07264527027027028 0.15650265957446807
0 0.13119256756756756 0.44961436170212765 0.12049662162162163 0.20552526595744683
0 0.12162162162162163 0.6456981382978724 0.0945945945945946 0.17216090425531916
0 0.436375 0.8384574468085106 0.0484222972972973 0.14543882978723405
0 0.12105743243243243 0.29565159574468086 0.08671283783783784 0.12365691489361702
0 0.10975337837837838 0.8504654255319148 0.081875 0.1149002659574468