10 0.38063175675675676 0.1244880319148936 0.6666655405405405 0.1869215425531915
3 0.12134121621621623 0.2958776595744681 0.08277027027027027 0.10859707446808511
5 0.1095168918918919 0.8488497340425533 0.08614864864864864 0.12411569148936169
6 0.2927939189189189 0.8604853723404255 0.18017905405405407 0.10749335106382978
9 0.43496621621621623 0.4709640957446809 0.34966216216216217 0.3036369680851064
9 0.6066993243243243 0.6909375000000001 0.18862500000000001 0.10527260638297874
8 0.13175675675675674 0.46154920212765954 0.1103614864864865 0.20057845744680852
1 0.12105743243243243 0.647719414893617 0.09121621621621621 0.16954787234042554
7 0.6686385135135136 0.3219215425531915 0.07826689189189188 0.15625
2 0.43665540540540543 0.8388763297872341 0.048986486486486486 0.1529255319148936
4 0.3893581081081081 0.746343085106383 0.6390777027027027 0.04321808510638298
0 0.8530405405405406 0.5285904255319149 0.19256756756756757 0.6272140957446809
6 0.9270844594594595 0.524155585106383 0.047861486486486485 0.1839561170212766