9 0.5095175582540203 0.4855259822560203 0.3889071217591073 0.35423954372623573
9 0.8456416147029866 0.9036755386565273 0.19363308171972432 0.10055133079847908
5 0.1022874958976042 0.8862547528517111 0.08970462750246143 0.12273764258555134
6 0.23957991467016737 0.8857287705956908 0.18050541516245489 0.11534854245880863
6 0.5393272070889399 0.8925918884664131 0.24833278634722677 0.11006337135614702
2 0.3828913685592386 0.8741064638783269 0.05360354446997047 0.15547528517110265
1 0.8893994092550049 0.6370659062103928 0.10830324909747292 0.18203422053231938
8 0.8888513291762389 0.34460076045627375 0.1203380374138497 0.20546261089987328
10 0.504922874958976 0.10229404309252217 0.9901542500820479 0.18346007604562736
4 0.49775845093534626 0.7637896070975919 0.8872103708565802 0.042579214195183776
3 0.11049228749589761 0.30924588086185045 0.08642271086314407 0.11574144486692015