1 0.3448914616497829 0.10454735376044567 0.6856259044862518 0.20909470752089135
1 0.4230897250361795 0.49020891364902514 0.3978147612156295 0.27146239554317547
0 0.10791244573082488 0.3065598885793872 0.07902315484804631 0.10518105849582172
0 0.11478292329956584 0.8678064066852368 0.07961287988422576 0.11028551532033426
0 0.12138567293777135 0.6709540389972145 0.09390376266280753 0.15868384401114208
1 0.2877134587554269 0.8709470752089137 0.17033285094066572 0.09628830083565461
1 0.5808140376266281 0.8593662952646239 0.22953328509406656 0.0996657381615599
1 0.5964942112879884 0.6966852367688022 0.18228654124457308 0.09254874651810585
0 0.6522322720694645 0.30675487465181056 0.06985528219971057 0.15440807799442896
0 0.12455137481910275 0.4760027855153203 0.1068053545586107 0.18447771587743733
0 0.8195767004341534 0.5213788300835654 0.1467438494934877 0.6003272980501393
1 0.9069753979739509 0.5163927576601671 0.03591172214182345 0.1668802228412256
0 0.43346960926193917 0.8384401114206128 0.043668596237337196 0.13449860724233983