10 0.5041023957991467 0.1020051085568327 0.9917952084017067 0.20188378033205617
3 0.11103708565802428 0.30256704980842913 0.08751887102067608 0.12408045977011495
5 0.10091893665900886 0.8882567049808429 0.09025270758122744 0.12687100893997447
6 0.2390318345914014 0.8925159642401023 0.1859763702001969 0.10984674329501916
6 0.5417886445684279 0.890383141762452 0.24997374466688546 0.10559386973180078
2 0.3823432884804726 0.873352490421456 0.05251066622907778 0.16092592592592592
9 0.501312766655727 0.4844508301404853 0.38562520511979 0.34736270753512133
9 0.8459140137840498 0.9100574712643679 0.20183787331801772 0.11300766283524905
4 0.503774204135215 0.76272030651341 0.899245159172957 0.041826309067688375
1 0.8915884476534296 0.6361494252873563 0.10830324909747292 0.18576628352490424
8 0.8877584509353462 0.34031289910600254 0.12471283229405973 0.20595785440613026