10 0.4484797297297297 0.12227393617021277 0.5422297297297297 0.18248670212765955
3 0.12134121621621623 0.2945412234042553 0.09065202702702702 0.12144281914893618
5 0.10472972972972973 0.8523071808510637 0.07432432432432433 0.12659574468085108
4 0.38907770270270275 0.7520678191489361 0.6430168918918918 0.03915558510638298
2 0.4380641891891892 0.8384574468085106 0.05855743243243244 0.14543882978723405
6 0.28997635135135136 0.862280585106383 0.1813074324324324 0.1199468085106383
9 0.609233108108108 0.6894614361702128 0.1981993243243243 0.12006648936170214
9 0.4352466216216216 0.4689893617021277 0.3502263513513514 0.290811170212766
1 0.12049662162162163 0.6445877659574468 0.09909797297297297 0.1699468085106383
8 0.13682432432432431 0.4551529255319149 0.125 0.20330452127659573
0 0.8507871621621621 0.5254255319148936 0.19482094594594593 0.6430452127659574
6 0.9245506756756757 0.5243949468085106 0.04504391891891892 0.18885638297872342
7 0.6683547297297298 0.32555186170212763 0.07995608108108107 0.17016622340425533