5 0.1213340724316334 0.853111573111573 0.09115668883961567 0.12388080388080387
3 0.11456023651145603 0.3058350658350658 0.09238728750923873 0.12425502425502426
1 0.12780118255728012 0.6608662508662508 0.10778640059127864 0.1621136521136521
1 0.4440761271249076 0.4622453222453222 0.3596932742054693 0.31927234927234927
1 0.6134515890613451 0.6510602910602911 0.2032520325203252 0.1217047817047817
0 0.8530413895048041 0.502030492030492 0.19463045084996303 0.6136729036729036
6 0.9232557280118255 0.49517671517671513 0.04681079083518108 0.18416493416493415
6 0.28393569844789357 0.8230977130977131 0.14289356984478938 0.10542619542619543
6 0.5925092387287509 0.8034719334719336 0.23528085735402807 0.10774774774774774
2 0.44623059866962306 0.8207830907830909 0.05728011825572801 0.14237699237699236
4 0.0671348854397635 0.7361822591822591 0.7372505543237251 0.69806237006237 0.7175413895048041 0.7465391545391546 0.05974390243902439 0.7811656271656271
8 0.13703991130820398 0.4645738045738046 0.12995934959349595 0.19225225225225226
10 0.003695491500369549 0.03234026334026334 0.713229859571323 0 0.7107660753880266 0.18442827442827442 0 0.21674566874566875