10 0.3596932742054693 0.1078646934460888 0.7009127864005913 0.20632840028188865
5 0.12256836659275684 0.8587315010570824 0.0936178861788618 0.12245243128964059
3 0.11332963784183298 0.2980831571529246 0.08992239467849224 0.12166314305849188
9 0.4336031042128603 0.4647780126849894 0.33875461936437545 0.3141014799154334
9 0.6205358462675536 0.6515010570824524 0.20633037694013306 0.12376321353065539
4 0.07206208425720621 0.7305616631430585 0.7187730968218773 0.7063403805496828 0.716309312638581 0.7556370683579986 0.07452586844050259 0.7838069062720225 0.07329379157427938 0.7392050739957717
6 0.2845528455284553 0.8305567300916138 0.15151515151515152 0.10837914023960535
6 0.9198706577974871 0.49121916842847074 0.04372875092387288 0.19080338266384778
6 0.5906614929785661 0.8123608174770965 0.23158536585365852 0.10721634954193093
0 0.8493458980044346 0.5064059196617337 0.20202143385070212 0.6299154334038055
2 0.44653732446415373 0.8264411557434813 0.054201773835920175 0.1494785059901339
1 0.12780118255728012 0.6661733615221987 0.10039541759053955 0.16015503875968992
8 0.1376570583887657 0.46656095842142353 0.13488543976348855 0.19786469344608879