10 0.35137841832963784 0.10923185341789993 0.702760532150776 0.2137632135306554
9 0.4317553584626755 0.4610077519379845 0.3338248337028825 0.33004228329809726
9 0.6128344419807834 0.6524524312896406 0.19709164818920918 0.12567300916138127
3 0.11579083518107908 0.30185341789992953 0.09115668883961567 0.12450317124735728
5 0.12195121951219512 0.8585835095137421 0.08869179600886919 0.12450317124735728
6 0.2827050997782705 0.8286328400281888 0.14905025868440502 0.11157857646229741
6 0.5955912786400591 0.8063213530655392 0.24513303769401332 0.11393234672304439
2 0.4453067257945307 0.8274630021141649 0.05543237250554324 0.15151515151515152
1 0.12841832963784183 0.6618534178999295 0.1016260162601626 0.16795630725863284
0 0.850580192165558 0.5003523608174771 0.19339615668883964 0.6154545454545455
6 0.9220251293422025 0.4944820295983086 0.04065040650406504 0.19027484143763213
8 0.13950480413895047 0.463939393939394 0.14843680709534368 0.21846370683579985
4 0.07637361419068736 0.7822410147991543 0.7193891352549889 0.7458301620859761 0.716309312638581 0.7011980267794221 0.07083037694013304 0.7376088794926003