10 0.5 0.11141318977119785 1 0.2228263795423957
5 0.10044262853251618 0.9085935397039031 0.09874021109976167 0.13930686406460296
6 0.24287708546135514 0.8884185733512786 0.15889342866870956 0.12586810228802153
6 0.5600953353762342 0.8917833109017497 0.24855294518215867 0.1191386271870794
2 0.3838951310861423 0.8990578734858681 0.06298944501191692 0.16734185733512785
9 0.8432652366360232 0.9362920592193809 0.2088287368062649 0.1274091520861373
1 0.8917841334695268 0.6664064602960968 0.10498127340823969 0.1932907133243607
9 0.5033469526727954 0.5043876177658142 0.6389751447054818 0.23937415881561236
8 0.8790160027238679 0.35526917900403765 0.1373272046305754 0.2237752355316285
4 0.5027817500851209 0.7942462987886945 0.9034150493701055 0.07211305518169582
3 0.11093973442288048 0.300349932705249 0.0890943139257746 0.1273956931359354