0 0.12251662971175166 0.8504504504504505 0.08288617886178862 0.11413028413028413
0 0.11322246858832224 0.30196812196812195 0.082620103473762 0.10760914760914761
0 0.12892461197339247 0.6611988911988912 0.09514412416851441 0.1548024948024948
0 0.43675905395417586 0.46465696465696466 0.3228640059127864 0.3037837837837838
0 0.6115151515151516 0.6510602910602911 0.1854508499630451 0.1100970200970201
0 0.8333665927568367 0.5024740124740125 0.15173688100517368 0.5888565488565489
1 0.920949741315595 0.49717255717255715 0.034637841832963784 0.16555093555093553
1 0.28576866223207686 0.8193277893277893 0.13923133776792312 0.0939015939015939
1 0.5894382852919439 0.8026957726957726 0.22252032520325202 0.10043659043659044
0 0.4452845528455285 0.8204504504504505 0.049482631189948265 0.13683991683991684
0 0.13692165558019218 0.46734580734580733 0.12286770140428678 0.1862716562716563
1 0.005123059866962306 0.043916839916839916 0.6976271249076127 0.006862092862092862 0.7007372505543237 0.1742938322938323 0.0040251293422025125 0.2079175329175329