1 0.35137841832963784 0.10923185341789993 0.7027568366592757 0.2137632135306554
1 0.433640059127864 0.4661381254404511 0.31821138211382116 0.3033615221987315
1 0.6112195121951219 0.6555320648343904 0.1863229859571323 0.11131078224101479
0 0.11363636363636363 0.29928823114869624 0.07931263858093127 0.10911205073995772
0 0.12249076127124907 0.8590979563072586 0.0811529933481153 0.11116279069767443
1 0.28354767184035473 0.8262649753347427 0.1352549889135255 0.09738548273431995
1 0.5889689578713969 0.8092107117688513 0.22195861049519586 0.10499647639182523
0 0.4447560975609756 0.8269344608879493 0.04494826311899482 0.13679351656095842
0 0.12895787139689577 0.6633897110641297 0.09408721359940872 0.15666666666666668
0 0.8329231337767923 0.5019168428470754 0.14987065779748707 0.5998026779422129
1 0.9215040650406504 0.49891472868217057 0.035849963045085 0.16427766032417196
0 0.14138950480413895 0.46804087385482734 0.13389874353288986 0.1897322057787174