1 0.3543274205469327 0.11226215644820296 0.7063710273466371 0.22316420014094435
1 0.43594604582409463 0.4648907681465821 0.32097560975609757 0.30592670894996477
1 0.6106614929785662 0.6550387596899225 0.18362527716186253 0.1136293164200141
0 0.11278270509977827 0.2988372093023256 0.083470066518847 0.1126708949964764
0 0.12216555801921655 0.8583298097251586 0.08376940133037694 0.11303735024665258
1 0.28394678492239467 0.8255743481324876 0.13912416851441242 0.0972938689217759
1 0.5895454545454545 0.8091472868217054 0.2244050258684405 0.10603946441155744
0 0.44544715447154476 0.8270542635658914 0.04774944567627495 0.13947145877378436
0 0.12821877309682186 0.6636293164200141 0.09630081300813008 0.16062720225510924
0 0.1357649667405765 0.46754756871035946 0.12489652623798966 0.19264975334742776
0 0.8332779009608278 0.5021634954193094 0.14727272727272728 0.5945031712473573
1 0.9216112342941611 0.4981395348837209 0.03706947524020695 0.16908386187455957