10 0.35631087063453026 0.09522622345337026 0.6929414658140679 0.17197599261311172
9 0.4171815051647811 0.4241735918744229 0.3400147565174619 0.3127885503231764
9 0.6477520905066405 0.664247460757156 0.07808657156910968 0.077331486611265
0 0.8288243974422036 0.5043859649122807 0.18445646827348747 0.6024930747922438
6 0.9010723069355633 0.5107386888273315 0.036276438760452535 0.17197599261311172
2 0.426709296606001 0.7894736842105263 0.051647811116576486 0.14312096029547552
5 0.10360550909985243 0.7935180055401662 0.08669454008853911 0.11426592797783934
3 0.11528775209050664 0.24873499538319482 0.08792424987702901 0.11888273314866113
1 0.11559272011805213 0.5990304709141274 0.10083620265617314 0.16389658356417358
8 0.13342351205115593 0.4172483841181902 0.13157894736842105 0.19736842105263158
4 0.06394490900147565 0.6786703601108033 0.6880226266601082 0.698291782086796 0.6874077717658632 0.7329178208679594 0.05718150516478111 0.7225300092336103 0.06578947368421052 0.6832871652816251