3 0.10695573947463118 0.23678844519966014 0.07956459157970494 0.10917587085811385
5 0.07636559913638 0.8152676295666951 0.0831630082763584 0.12198810535259134
4 0.4713925872616049 0.7062786745964316 0.8684166966534724 0.07960067969413763
6 0.1663260165527168 0.8369668649107902 0.11914717524289313 0.13141036533559897
6 0.49798128823317744 0.8369753610875106 0.22350125944584384 0.10876805437553103
2 0.3758330334652753 0.8133729821580289 0.05357682619647355 0.14086661002548853
9 0.8066462756387189 0.8610365335598981 0.18831594098596618 0.11723874256584538
9 0.472191435768262 0.45288020390824124 0.6109319899244332 0.17886151231945624
8 0.8342317380352644 0.30282922684791846 0.12354444044620366 0.1846304163126593
1 0.8514249730118748 0.6090654205607476 0.10035624325296869 0.16837723024638912
10 0.5117740194314502 0.09898895497026339 0.9683735156531127 0.19609175870858114