1 0.38036824324324325 0.12359042553191489 0.6549628378378378 0.17182845744680852
1 0.2913513513513513 0.8583843085106383 0.17949324324324323 0.10523271276595746
1 0.9231182432432432 0.5233710106382978 0.03439527027027027 0.17548537234042555
0 0.8349898648648649 0.5251263297872341 0.143875 0.6186170212765957
1 0.4352162162162162 0.47034574468085105 0.34209797297297295 0.2751130319148936
1 0.6087905405405405 0.6912965425531915 0.18165202702702704 0.10311170212765958
0 0.12162162162162163 0.6480518617021276 0.09573986486486485 0.16246675531914892
0 0.13372297297297298 0.45986037234042554 0.11318243243243242 0.18891622340425532
0 0.1095168918918919 0.8496675531914895 0.08392905405405406 0.11527260638297873
0 0.12038513513513513 0.2960505319148936 0.08014189189189189 0.10618351063829787
0 0.6684831081081081 0.3201595744680851 0.07231756756756756 0.15674202127659576
0 0.4380641891891892 0.839561170212766 0.05180067567567568 0.1476529255319149