10 0.38260135135135137 0.12393617021276596 0.660472972972973 0.1791622340425532
3 0.12049662162162163 0.2950997340425532 0.08558445945945946 0.11590425531914893
5 0.10247635135135134 0.8506449468085105 0.06306418918918918 0.11662898936170213
2 0.436375 0.8384574468085106 0.0484222972972973 0.14543882978723405
6 0.2927939189189189 0.8572938829787233 0.18693581081081082 0.11662234042553192
6 0.9228614864864865 0.5260571808510639 0.04166554054054054 0.18553191489361703
0 0.8536047297297298 0.5265359042553192 0.18693581081081082 0.631968085106383
9 0.43665540540540543 0.4667686170212766 0.3564189189189189 0.29967420212765955
9 0.6086722972972973 0.6839295212765958 0.19707094594594596 0.10898936170212765
1 0.11936824324324324 0.6456981382978724 0.10360472972972974 0.17216090425531916
8 0.13372635135135136 0.4573736702127659 0.12218581081081081 0.20773936170212765
7 0.6703277027027027 0.3189029255319149 0.0805168918918919 0.17016622340425533
4 0.06756756756756757 0.7258424202127659 0.7150902027027026 0.7273484042553192 0.710585472972973 0.7694295212765957 0.06644155405405405 0.7716442819148936