1 0.38012500000000005 0.12548537234042553 0.6493851351351352 0.16493351063829786
0 0.1209391891891892 0.29706117021276596 0.07715878378378378 0.1030784574468085
0 0.11011824324324324 0.8496409574468085 0.08013851351351352 0.11150265957446807
1 0.2909898648648649 0.8600930851063829 0.17496959459459457 0.10039893617021277
1 0.43456418918918915 0.46938829787234043 0.3384425675675676 0.2752593085106383
1 0.6079020270270271 0.6921210106382979 0.18061148648648648 0.10448138297872339
0 0.1333581081081081 0.46115691489361704 0.10715540540540541 0.18718085106382978
0 0.12226013513513513 0.6465359042553191 0.09100000000000001 0.16245345744680853
0 0.6676351351351352 0.3211303191489362 0.06985135135135134 0.15467420212765956
0 0.43705743243243245 0.8365093085106382 0.04257432432432432 0.13873670212765957
0 0.8378108108108109 0.5285904255319149 0.15169256756756758 0.6161768617021277
1 0.9248817567567568 0.5225797872340425 0.04265202702702703 0.17134308510638296