10 0.3789425675675676 0.12503989361702128 0.6632871621621621 0.1946742021276596
6 0.29166554054054056 0.8617220744680851 0.18468581081081079 0.12548537234042553
6 0.9239864864864865 0.5205186170212766 0.04391891891891892 0.18775265957446807
0 0.8507871621621621 0.5237632978723404 0.18806418918918918 0.6330784574468085
9 0.4375 0.46843085106382976 0.34797297297297297 0.29634973404255316
9 0.6081081081081081 0.688909574468085 0.19594594594594594 0.11230718085106382
7 0.6680743243243243 0.3194614361702128 0.07601351351351351 0.1646276595744681
8 0.13119256756756756 0.44961436170212765 0.12049662162162163 0.20552526595744683
1 0.12162162162162163 0.6456981382978724 0.0945945945945946 0.17216090425531916
4 0.3865439189189189 0.7504055851063829 0.6413277027027027 0.04248005319148936
2 0.436375 0.8384574468085106 0.0484222972972973 0.14543882978723405
3 0.12105743243243243 0.29565159574468086 0.08671283783783784 0.12365691489361702
5 0.1092331081081081 0.8484308510638298 0.09009121621621623 0.12549202127659576