9 0.8084702861335289 0.8668205574912892 0.18871606749816583 0.10569686411149826
9 0.4787234042553192 0.4652787456445993 0.6101724137931034 0.1969163763066202
10 0.5046845194424064 0.107595818815331 0.9751283932501833 0.20747386759581882
3 0.10555392516507704 0.25151567944250874 0.08553558327219368 0.1378658536585366
5 0.07484225972120323 0.8222909407665505 0.08144167278063096 0.13207317073170732
6 0.17357300073367574 0.8368728222996515 0.14240645634629492 0.11586236933797908
6 0.5022890682318415 0.8509146341463415 0.22384446074834924 0.11801393728222996
2 0.38012839325018344 0.8217421602787457 0.04777329420396185 0.1504355400696864
1 0.8530741012472487 0.6257229965156795 0.09554292002934703 0.1667682926829268
4 0.47021276595744677 0.7126829268292683 0.8721826852531182 0.048998257839721254
8 0.8407887013939838 0.3092857142857143 0.12557226705796037 0.1950609756097561