1 0.3688838977194195 0.1558416500332668 0.6514409122322046 0.16761809713905523
1 0.43998617829993086 0.48181636726546906 0.33530753282653764 0.27199600798403195
1 0.589163787145819 0.8743446440452429 0.22118521078092607 0.10327345309381238
1 0.2565756738078784 0.8699268130405855 0.16881824464409123 0.09891550232867598
0 0.44143054595715275 0.8511044577511644 0.04447477539737388 0.143166999334664
0 0.11635452660677265 0.8621956087824352 0.08185556323427781 0.10992681304058549
0 0.1266966136834831 0.3093812375249501 0.08184865238424327 0.10880239520958083
0 0.13992743607463717 0.4729540918163673 0.10614029025570146 0.18530938123752494
0 0.12897028334485142 0.6619361277445109 0.09453697304768485 0.1510911510312708
0 0.6720870767104353 0.3399068529607452 0.0669350380096752 0.15655355954757152
0 0.8366482377332413 0.5450099800399202 0.13928472702142364 0.6156952761144378
1 0.9237733241188667 0.5466533599467731 0.034619903248099514 0.16429141716566867
1 0.6130718728403594 0.7085296074517632 0.1757394609536973 0.09113107119095143