10 0.34671852387843705 0.11006267409470753 0.6934370477568741 0.22013231197771588
9 0.4254088277858176 0.4882938718662953 0.4130499276410999 0.2848467966573816
5 0.10612518089725036 0.30616295264623955 0.0892438494934877 0.11557799442896936
5 0.1148697539797395 0.8665529247910863 0.0886396526772793 0.12215181058495822
1 0.12059696092619392 0.6704665738161559 0.09647973950795949 0.16173398328690808
6 0.28762662807525324 0.8711977715877437 0.1772793053545586 0.11750696378830085
6 0.5800759768451519 0.8572771587743733 0.23396164978292328 0.1128690807799443
9 0.5990701881331404 0.6948467966573816 0.19597322720694643 0.09906685236768802
7 0.6512301013024602 0.308474930362117 0.08683068017366136 0.16198467966573818
8 0.1278328509406657 0.4749651810584958 0.11818740955137483 0.19551532033426183
0 0.8348408104196816 0.5172353760445683 0.18994211287988422 0.6212952646239553
6 0.906595513748191 0.5138300835654597 0.04401953690303907 0.18272980501392755
4 0.06693198263386396 0.7462862116991643 0.7006754703328509 0.7234999999999999 0.6994692474674385 0.7629338440111422 0.0639171490593343 0.7861309192200557
2 0.4329486251808973 0.8404456824512535 0.055473950795947906 0.14653203342618384